org,repository,number,url,state,created_at,merged_at,user.login,month_year,title
"FFmpeg","gas-preprocessor",3,"https://github.com/FFmpeg/gas-preprocessor/pull/3","MERGED","2024-04-23T20:41:51Z","2024-04-24T08:12:09Z","BtbN","2024-04","Use full cl.exe executable..."
