user,PR
"aduh95",62
"Trott",36
"mhdawson",15
"benjamingr",15
"targos",14
"RaisinTen",13
"gabrielschulhof",10
"ronag",9
"MylesBorins",9
"richardlau",8
"nschonni",8
"lpinca",8
"jasnell",8
"mmomtchev",7
"LonelyTree",6
"yashLadha",5
"phillipj",5
"guybedford",5
"codebytere",5
"PoojaDurgad",5
"watilde",4
"tniessen",4
"ruyadorno",4
"outsideris",4
"juanarbol",4
"gengjiawen",4
"Lxxyx",4
"talarviv",3
"taggon",3
"panva",3
"oleavr",3
"danbev",3
"bcoe",3
"SimenB",3
"GeorgeSapkin",3
"ExE-Boss",3
"szmarczak",2
"ntedgi",2
"mmarchini",2
"lidoravitan",2
"legendecas",2
"gireeshpunathil",2
"davedoesdev",2
"danielleadams",2
"cjihrig",2
"baruchiro",2
"arsenalzp",2
"ZYSzys",2
"PeterDaveHello",2
"Ethan-Arrowood",2
"BethGriggs",2
"Ayhanbey63500",2
"AshCripps",2
"zackschuster",1
"yordis",1
"wffurr",1
"vtjnash",1
"ugultopu",1
"tyankatsu0105",1
"tomasdelaveau",1
"sumukhah",1
"rvagg",1
"rolland1010",1
"pallas",1
"owl-from-hogvarts",1
"orgads",1
"nlf",1
"mkrawczuk",1
"mikeesto",1
"mgorny",1
"medas",1
"mcollina",1
"mcdmaster",1
"mayankagarwals",1
"mastergberry",1
"lxdicted",1
"kita32",1
"kanongil",1
"kalwabed",1
"joesepi",1
"joachimcanete",1
"jhamby",1
"jabyrd3",1
"inokawa",1
"indutny",1
"iam-frankqiu",1
"hhfdserth",1
"grobo021",1
"fabientownsend",1
"dnlup",1
"devsnek",1
"darvesh",1
"darcyclarke",1
"ctomc",1
"cclauss",1
"canterberry",1
"calmlb",1
"bzoz",1
"brianwarner",1
"branisha",1
"bnb",1
"bmeck",1
"blagoev",1
"bingenito",1
"benhalverson",1
"avoidwork",1
"arcanis",1
"angrymouse",1
"andersk",1
"ahmadawais",1
"addaleax",1
"abhishekram404",1
"aarock1234",1
"YKTT-REIGN7",1
"Thiruppathi",1
"Soremwar",1
"Sirius79",1
"Shaker5191",1
"Semigradsky",1
"Razatastic",1
"Q0323",1
"Patreos98",1
"NickNaso",1
"Narasimha1997",1
"MadaraUchiha",1
"MadMango",1
"HollowMan6",1
"GeekCornerGH",1
"Flarna",1
"Fishrock123",1
"Eomm",1
"DantrazTrev",1
"BridgeAR",1
"AvshalomTam",1
"AlexxNica",1
"AjayPoshak",1
"700software",1
